0
0
0
0
0
0
0
0
0
0
0
0
0
0
0
0
-0.00294138
-0.0346979
-0.0348433
-2.96507
-2.96507
-0.0348433
-0.00433545
-23.6132
0
0
0
0
0
0
0
0
0.0169286
-0.0369494
3.9824
12.7899
12.7899
3.9824
0.0172743
-22.0382
-25.0021
39.0065
18.0156
10.9076
10.9076
18.0156
-22.0014
38.2507
0
0
0
0
0
0
0
0
0.00606268
-0.0499084
-0.0187406
-6.33218
-6.33218
-0.0187406
0.00429116
-31.9058
-0.00294138
-0.0346979
-0.0348433
-2.96507
-2.96507
-0.0348433
-0.00433545
-23.6132
8.99906
-57.9983
-19.0046
11.0737
11.0737
-19.0046
36.9988
-5.12218
0
0
0
0
0
0
0
0
-0.00294138
-0.0346979
-0.0348433
-2.96507
-2.96507
-0.0348433
-0.00433545
-23.6132
0.119963
0.0522123
-0.395963
-0.277275
-0.15086
0.0172498
-0.184193
-1.11575
-0.235176
0.00331601
11.9337
-0.137297
0.00331601
11.9337
-0.137297
-0.184193
-1.11575
-0.235176
0.0748008
0.123026
-0.457421
-50
-20
44
-0.212848
0.00721243
-0.476155
