0.458
0.137
83.61
0.0803
0.226
3.25e-05
0.75
1
301133
-9.092
0.536
0.811
0.0677
123.048
0.0431
0.00105
2.08e-06
0.71
3
199200
-4.079
0.914
0.66
0.0992
115.993
0.149
0.0308
0.689
0.715
6
526517
-12.805
0.735
0.596
0.205
93.135
0.172
0.452
7.92e-05
0.569
8
217347
-6.486
0.754
0.932
0.0996
132.999
0.071
0.000481
0.838
0.659
11
389774
-6.211
0.161
0.322
0.11
113.064
0.0282
0.77
3.39e-05
0.615
1
195368
-10.408
0.256
0.445
0.128
80.725
0.0248
0.165
0.0167
0.653
5
218966
-8.749
0.688
0.907
0.0767
132.022
0.0618
0.0293
0.844
0.688
10
240322
-8.06
0.214
0.927
0.122
176.976
0.0617
0.000106
0.00325
0.395
5
229155
-4.167
0.454
0.913
0.156
115.728
0.133
0.061
0.00158
0.574
6
208400
-4.793
0.423
0.576
0.104
110.095
0.146
0.0249
0.0
0.74
6
209476
-6.744
0.315
0.895
0.0985
120.117
0.0442
5.54e-05
0.349
0.521
7
322340
-5.242
0.237
0.898
0.316
123.996
0.0413
0.0844
0.0347
0.654
7
141932
-5.964
0.722
0.376
0.114
81.737
0.0413
0.626
1.33e-05
0.24
1
198921
-9.309
0.187
0.904
0.105
166.911
0.0537
0.0109
0.0
0.308
0
211733
-2.407
0.348
0.922
0.0728
104.015
0.0497
0.00655
0.0118
0.782
11
255228
-4.028
0.761
0.742
0.0614
124.965
0.0445
0.00572
0.0
0.676
3
215360
-5.094
0.866
0.98
0.661
132.01
0.0585
9.28e-05
0.907
0.304
7
214606
-5.713
0.0683
0.621
0.0845
128.986
0.0565
0.0164
0.00233
0.828
8
186173
-6.414
0.436
0.932
0.569
124.012
0.0457
4.38e-05
0.773
0.679
1
394897
-5.987
0.711
0.942
0.589
129.991
0.055
0.00373
0.949
0.547
11
182993
-7.468
0.374
0.948
0.0891
90.021
0.0527
9.8e-06
1.94e-06
0.495
9
223667
-3.295
0.418
0.624
0.307
166.726
0.0842
0.513
0.00517
0.514
0
163053
-9.287
0.755
0.947
0.185
149.104
0.0519
9.72e-06
0.063
0.534
2
267899
-7.147
0.673
0.802
0.117
187.047
0.243
0.00636
0.0238
0.433
1
158280
-6.022
0.229
0.83
0.358
169.997
0.0682
0.00494
0.0
0.49,
8
159746
-4.297
0.72
0.879
0.0936
130.024
0.061
0.000197
0.901
0.723
11
367846
-7.355
0.114
0.271
0.141
110.89
0.0284
0.679
0.0
0.603
5
165333
-10.083
0.405
0.89
0.217
133.52
0.0364
0.000147
0.0117
0.502
4
292880
-5.175
0.259
0.788
0.358
123.02
0.0352
0.0121
0.0
0.687
6
174795
-5.142
0.669